%YAML:1.0
---
camera_matrix_plex: !!opencv-matrix
   rows: 3
   cols: 3
   dt: d
   data: [ 8.4736763065028856e+02, 0., 3.3893506401499525e+02, 0.,
       8.4736763065028856e+02, 2.6895877129478117e+02, 0., 0., 1. ]
dist_coeff_plex: !!opencv-matrix
   rows: 14
   cols: 1
   dt: d
   data: [ -2.1119248321701999e+01, 2.7294975452878134e+01,
       -1.3593239356296436e-03, -2.8429535473013649e-04,
       1.2014249939854178e+03, -2.1043750253315839e+01,
       2.5246517459412750e+01, 1.2156468666299190e+03, 0., 0., 0., 0.,
       0., 0. ]
